          21            0            0      637.756            0            0      637.756        999.9            0
          21            0            0     -95.8002            0            0      95.8002       -999.9            0
          21       92.049      37.9708       102.09      99.5731            0      142.608     0.899132     0.391241
           6      35.7094      -7.3287      525.118      36.4537      172.808      554.022      3.36193    -0.202421
          -6     -35.7094       7.3287      16.8382      36.4537      174.986      179.535     0.446882      2.93917
          21  2.20268e-13  8.88178e-14      637.756  2.37501e-13            0      637.756        999.9     0.383284
          21 -2.13163e-13 -8.52651e-14      -143.61  2.29583e-13            0       143.61       -999.9     -2.76109
          21     -29.5306     -10.4553     -28.9295      31.3268            0      42.6414    -0.826214     -2.80131
           6      21.8233     -13.0568      391.284       25.431      172.808        428.5      3.42766    -0.539166
          -6     -113.872      -24.914     0.772927      116.566      174.986      210.258   0.00663076      -2.9262
           6      34.4278     -32.3707      430.752      47.2561      172.808      466.522      2.90609    -0.754613
          21     -12.6044      19.3139      183.191       23.063            0      184.637      2.76939        2.149
          21  4.40536e-13  1.77636e-13      860.415  4.75002e-13            0      860.415        999.9     0.383284
          21  7.63833e-14  2.66454e-14      860.415  8.08974e-14            0      860.415        999.9     0.335639
          21 -8.52651e-14 -3.10862e-14     -180.836  9.07551e-14            0      180.836       -999.9     -2.79199
          21      25.5887      10.2247     -51.8983      27.5559            0      58.7602     -1.39023     0.380142
           6      38.1055     -31.0686      428.664      49.1659      172.808      464.793      2.86189     -0.68402
          -6     -92.3341     -17.2884      -12.582      93.9387      174.986      199.005    -0.133541      -2.9565
          21       96.215      39.4458      111.648      103.987            0      152.573     0.932522     0.389076
          21     -12.4558      19.3666      180.778      23.0263            0      182.239      2.75781      2.14235
          21  7.10543e-15  2.66454e-15      860.415   7.5886e-15            0      860.415        999.9     0.358771
          21            0 -8.88178e-16     -237.111  8.88178e-16            0      237.111       -999.9      -1.5708
           1      23.9236     -10.3409     -38.5353      26.0629         0.33      46.5226     -1.18281    -0.407993
           6      35.5493       -32.09      424.542      47.8908      172.808       460.86       2.8784      -0.7343
          -6     -107.304       -23.27     -6.02403      109.798      174.986      206.669    -0.054837     -2.92804
          21      93.3195      38.2888      103.091      100.869            0       144.23     0.896864     0.389352
          21     -12.5591      19.3253      180.166      23.0477            0      181.635      2.75353      2.14709
          21     -34.5943     -12.4787     -26.5731      36.7761            0      45.3719    -0.671055      -2.7954
          21  -1.5099e-13   6.4837e-14      860.415  1.64323e-13            0      860.415        999.9      2.73599
          21       2.6869     -9.10435      9.17782      9.49256            0      13.2038     0.857733     -1.28382
           1  1.43885e-13 -6.30607e-14     -280.944  1.57097e-13            0      280.944       -999.9    -0.413058
           6      33.7171     -31.2981      419.596      46.0045      172.808      456.114      2.90669    -0.748208
          -6     -118.034      -18.632     -1.95909      119.496      174.986      211.904   -0.0163939     -2.98503
          21      91.2441      39.1859      98.5116      99.3026            0      139.877     0.875729     0.405644
          21     -12.6332      19.3573      180.224       23.115            0      181.701      2.75096      2.14902
          21     -38.2238     -10.9098     -25.2493      39.7502            0      47.0915    -0.598772     -2.86356
          21      20.0062      12.6377     -53.1172      23.6635            0      58.1498       -1.548     0.563394
          21 -6.66134e-16  8.88178e-16      877.896  1.11022e-15            0      877.896        999.9       2.2143
           1  2.22045e-16 -8.88178e-16     -280.944  9.15513e-16            0      280.944       -999.9     -1.32582
           6      32.3498      -26.665      423.133      41.9229      172.808      458.979      3.00745    -0.689366
          -6     -118.362     -17.5213    -0.503864      119.652      174.986      211.984  -0.00421108     -2.99463
          21      90.8719      40.4471      99.4651      99.4669            0      140.666     0.881361     0.418772
          21     -13.1983      21.2721      181.426      25.0339            0      183.145      2.67849      2.12612
          21     -38.2579     -10.7943     -24.9092      39.7515            0      46.9111    -0.591519      -2.8666
          21      19.9984      12.6643     -52.7305      23.6711            0      57.7999     -1.54104     0.564523
           1      23.9111     -10.2986     -38.1061      26.0347         0.33      46.1518     -1.17444    -0.406693
           1      8.79427     -11.5821     -33.2503      14.5425         0.33      36.2929     -1.56485    -0.921371
          21      11.9097     0.378574     -6.94393      11.9157            0      13.7914     -0.55398    0.0317763
          21     -35.0507     -9.88939     -22.8211      36.4192            0      42.9786    -0.591519      -2.8666
          -4     -6.63152       2.3246     -1.04444      7.02715          1.5      7.26097    -0.148088      2.80444
           4      10.8248     -4.12319     -10.9236      11.5835          1.5      15.9922    -0.840512    -0.363936
          21     -27.3343     -7.71223      -17.797      28.4014            0      33.5168    -0.591519      -2.8666
          21      19.3769      11.7201     -52.5159      22.6456            0      57.1904     -1.57784     0.543978
          21      4.10902      2.49652      3.60274      4.80797            0      6.00803     0.692609     0.545968
          21      87.3843      38.8948      95.6478      95.6495            0      135.268     0.881361     0.418772
          21     -7.69296      14.1578      145.768      16.1129            0      146.655      2.89858      2.06854
          21     -5.08309      6.56816      34.4323      8.30533            0      35.4198      2.12948      2.22942
           6      31.9276     -26.1188      424.359        41.25      172.808      460.049      3.02643     -0.68566
          21      6.96338      1.41872     0.583468      7.10644            0      7.13035    0.0820122     0.200989
          21      -1.6409      1.81177     -0.26951      2.44439            0       2.4592    -0.110034      2.30675
          21      18.1634      10.9861     -49.2271      21.2275            0      53.6089     -1.57784     0.543978
          -2    -0.723514    -0.788344     0.468624      1.07003         0.33      1.21386     0.425041     -2.31334
           2      2.37012      4.58856     -9.64805      5.16453         0.33      10.9483     -1.38306      1.09401
          21      14.8759      8.99769     -40.3172      17.3854            0      43.9059     -1.57784     0.543978
          21      55.7542      21.7443      58.1048      59.8443            0      83.4117      0.86067     0.371858
          21      32.1375      17.2539      37.5855      36.4762            0      52.3754     0.902714     0.492713
          21      6.45606      1.31536     0.540959      6.58869            0      6.61086    0.0820122     0.200989
          21     -9.15282      13.3613      130.848      16.1957            0      131.846      2.78625       2.1714
          21      1.59121     0.351408      15.3686      1.62955            0      15.4547      2.93997     0.217355
          21      2.55555     -8.65929      8.72917      9.02852            0      12.5584     0.857733     -1.28382
          21      1.49077     -6.18725      4.08411      6.36431            0      7.56204      0.60427     -1.33436
          21      1.06478     -2.47204      10.1366       2.6916            0      10.4878      2.03634     -1.16408
          21 -1.33227e-15  1.77636e-15      883.388  2.22045e-15            0      883.388        999.9       2.2143
          21    -0.950291      0.78649      8.18862      1.23354            0      8.28101      2.59163      2.45023
          21     0.427819      1.49666      9.52257       1.5566            0      9.64895      2.51092      1.29237
          21      1.37182     -2.01031        6.417      2.43376            0      6.86303      1.69682    -0.971986
          21      1.28234     -5.32219       3.5131       5.4745            0      6.50477      0.60427     -1.33436
          21     -21.5317     -4.44076     -14.2314      21.9848            0       26.189    -0.608982      -2.9382
          21     -5.65739     -3.32589      -3.7099       6.5626            0      7.53864    -0.538852     -2.61013
           4      10.6795     -4.06877     -10.7793      11.4284          1.5      15.7813    -0.840637     -0.36401
          21  1.11022e-16 -1.11022e-16      891.769  1.57009e-16            0      891.769        999.9    -0.785398
           1  5.55112e-17 -5.55112e-17     -280.944  7.85046e-17            0      280.944       -999.9    -0.785398
           6      32.4033     -26.5125      424.406      41.8675      172.808      460.148      3.01175    -0.685744
          -6     -118.248     -17.6154    -0.412878      119.553      174.986      211.928  -0.00345351     -2.99371
          21      55.8303      21.6813      58.0983      59.8924            0      83.4417     0.860033     0.370417
          21     -9.01152      13.2444       130.88      16.0194            0      131.857      2.79735      2.16825
          21     -21.5252     -4.44608     -14.2174      21.9796            0      26.1771    -0.608579     -2.93791
          21      14.8778      8.99609     -40.3139      17.3862            0      43.9032     -1.57772     0.543842
           1       8.7959     -11.5834     -33.2542      14.5446         0.33      36.2973     -1.56483    -0.921337
          21      1.28773     -5.32665      3.51112       5.4801            0      6.50841     0.603414      -1.3336
          -4     -6.62818      2.32184     -1.03864      7.02308          1.5       7.2562    -0.147355      2.80465
           4      10.6822       -4.071     -10.7842      11.4317          1.5      15.7871    -0.840752    -0.364108
          21      6.45991      1.31217     0.539168      6.59183            0      6.61384    0.0817025     0.200399
          21     -5.04552      6.53707      34.4438      8.25775            0      35.4199      2.13539      2.22812
          -2     -0.72261    -0.789093     0.468864      1.06997         0.33       1.2139     0.425268     -2.31224
           2      2.37082      4.58798     -9.64546      5.16434         0.33       10.946     -1.38286      1.09384
          21      32.1858      17.2138      37.5845      36.4999            0      52.3912      0.90223     0.491119
          21     0.438131      1.48812       9.5246      1.55128            0       9.6501      2.51451      1.28447
          21      1.07587     -2.48122      10.1366      2.70443            0      10.4912      2.03175     -1.16166
          21      1.37896     -2.01622      6.41651      2.44267            0      6.86573      1.69333    -0.970935
          21     -5.65533      -3.3276     -3.70709      6.56169            0      7.53646    -0.538547     -2.60975
          21      51.5325      18.9896      54.3612      54.9199            0      77.2744     0.874161     0.353058
          21      4.29782       2.6917      4.07616      5.07114            0      6.50627     0.735629      0.55953
          21  2.22045e-16 -2.22045e-16      892.108  3.14018e-16            0      892.108        999.9    -0.785398
          21   -0.0684789     0.799287      45.4479     0.802215            0       45.455      4.73017      1.65626
          21     -19.4534      -4.1325     -11.8958      19.8875            0      23.1738    -0.567242     -2.93227
          21     -3.76925     -1.31235     -3.43431      3.99118            0      5.26536    -0.779198     -2.80655
          21     -3.95789     -2.32882     -2.59441       4.5922            0       5.2744    -0.538547     -2.60975
          21      3.37267     0.893471    -0.456992      3.48901            0      3.51881    -0.130609     0.258967
          21      4.08041     0.949873      2.15591      4.18951            0      4.71168     0.494231     0.228716
          21      31.1927      16.6827      36.4248      35.3736            0      50.7746      0.90223     0.491119
          21       36.744      18.9283       41.813      41.3328            0       58.794     0.889565     0.475686
          21      2.20754     0.613489       2.7965       2.2912            0      3.61525      1.02906     0.271066
          21      43.7736      16.1305      46.1764      46.6511            0      65.6398     0.874161     0.353058
           1       7.6183     -9.70444     -30.2992      12.3375         0.33      32.7165     -1.63071    -0.905249
          21      1.09873     -1.85066     -2.96438      2.15224            0      3.66329     -1.12474     -1.03503
          -4      -6.5493      2.29348     -1.02922      6.93927          1.5      7.17375     -0.14778      2.80475
           3      26.9595      14.3567      31.1916      30.5439          0.5      43.6588     0.896289      0.48933
          -3      10.9221      4.88775      12.0625      11.9659          0.5      16.9982     0.887074     0.420781
          21      1.06994     0.297344       1.3554      1.11049            0      1.75223      1.02906     0.271066
          -2    -0.458687   -0.0977103     0.912342     0.468979         0.33      1.07759      1.41894     -2.93171
          21     0.421781    -0.509729    -0.536391     0.661606            0     0.851726    -0.741033    -0.879534
          21      2.68696     0.711818     -0.36408      2.77965            0      2.80339    -0.130609     0.258967
          21  6.93889e-18 -1.11022e-16      937.571  1.11239e-16            0      937.571        999.9     -1.50838
           1 -6.93889e-18  1.11022e-16     -280.944  1.11239e-16            0      280.944       -999.9      1.63322
           6      32.4372     -26.9088      424.399      42.1457      172.808      460.167      3.00515    -0.692511
          -6      -118.24     -17.7102    -0.413446      119.559      174.986      211.931  -0.00345809     -2.99292
          21      43.7779      16.0804      46.1828      46.6378            0      65.6349     0.874459     0.352018
          21     -9.00144      13.1267      130.888      15.9165            0      131.853      2.80381      2.17188
          21      -19.453     -4.13755     -11.8966      19.8881            0      23.1747     -0.56726     -2.93202
          21       14.878      8.99448     -40.3099      17.3855            0      43.8992     -1.57767     0.543759
           1      7.61839     -9.70552     -30.3034      12.3384         0.33      32.7207     -1.63077    -0.905297
          21      1.28812     -5.33114      3.50877      5.48455            0       6.5109     0.602614     -1.33372
          -4     -6.54907      2.29073     -1.02785      6.93814          1.5      7.17246    -0.147608      2.80511
           4      10.6824     -4.07324     -10.7862      11.4327          1.5      15.7892    -0.840822    -0.364285
          21      2.68706     0.710725    -0.363827      2.77946            0      2.80317    -0.130528     0.258578
          21     -5.04283      6.50577      34.4474      8.23136            0      35.4172      2.13861      2.23019
          -2     -0.45861   -0.0986018      0.91233      0.46909         0.33      1.07763      1.41872     -2.92982
           2      2.37087       4.5874     -9.64336      5.16384         0.33      10.9439     -1.38275      1.09378
           3      26.9624      14.3232      31.1975      30.5307          0.5      43.6539     0.896735     0.488317
          21     0.438867      1.47953      9.52537      1.54325            0      9.64958      2.51971      1.28244
          21      1.07666     -2.49046      10.1356      2.71323            0      10.4925      2.02851     -1.16275
          21      1.37947     -2.02217      6.41564      2.44788            0      6.86677      1.69122    -0.972135
          21     -3.95779     -2.33002     -2.59523      4.59272            0      5.27525    -0.538647     -2.60951
          21    -0.949659     0.779112      8.18911      1.22836            0      8.28073      2.59585      2.45453
          21      4.29822      2.68696      4.07729      5.06897            0      6.50529     0.736071     0.558694
          21     -3.76918     -1.31317     -3.43469      3.99139            0      5.26576    -0.779236     -2.80635
          21      4.08067     0.946797      2.15624      4.18907            0      4.71144     0.494349     0.227986
          21      1.07006     0.295952      1.35551      1.11023            0      1.75215       1.0293     0.269829
          21      1.09875     -1.85097      -2.9652      2.15252            0      3.66412     -1.12486     -1.03509
          -3      10.9232      4.87473      12.0645      11.9616          0.5      16.9966     0.887446      0.41975
          21     0.421793     -0.50987    -0.536624     0.661723            0     0.851964    -0.741196    -0.879656
          21      2.87323      2.35276      2.30583      3.71362            0      4.37125     0.586675     0.686134
          21      1.42499     0.334194      2.77293      1.46366            0      3.13551      1.39544      0.23036
          21  1.38778e-17 -2.22045e-16      938.573  2.22478e-16            0      938.573        999.9     -1.50838
          21    -0.146011      2.55723      22.6524       2.5614            0      22.7968      2.87604      1.62783
          21      -0.4851     0.482638      2.43129     0.684297            0      2.52575      1.98017      2.35874
          21     -7.93146      11.5664       115.33      14.0246            0       116.18      2.80381      2.17188
          21     -4.96804      7.85381      79.9738      9.29321            0      80.5119      2.84892      2.13482
          21     -3.14347      3.94484      36.5861      5.04412            0      36.9322      2.67931      2.24362
          21     -4.86278      6.27348      33.2175      7.93746            0      34.1527      2.13861      2.23019
          21      12.1786      7.18269     -34.1838      14.1389            0      36.9925     -1.61623      0.53287
          21      2.69936      1.81179      -6.3788      3.25102            0      7.15949     -1.42655     0.591129
           1  9.19846e-14  2.22045e-16     -281.197  9.19849e-14            0      281.197       -999.9   0.00241393
          21    -0.702359     -1.04355     -1.07761       1.2579            0      1.65637    -0.776314      -2.1632
          21     -3.14349     -1.32813     -1.62889      3.41255            0      3.78137    -0.460838     -2.74184
           4      10.5705     -4.03158      -10.675      11.3132          1.5      15.6267    -0.840913     -0.36437
          21     0.678404     0.215816    -0.742365     0.711904            0      1.02855    -0.911308     0.307999
          21      2.02096      1.59598      -6.4579      2.57515            0       6.9524     -1.65011     0.668436
           1  2.62632e-13  4.44089e-16     -282.018  2.62632e-13            0      282.018       -999.9   0.00169092
          21      2.44814      0.50142      0.72594      2.49897            0      2.60227     0.286558     0.202023
          21       1.4383     0.487586    -0.456007       1.5187            0      1.58568    -0.295924     0.326844
          21      2.88128     0.668516      1.52248      2.95782            0      3.32666     0.494349     0.227986
          21       1.3527     -2.69454      10.2635      3.01502            0      10.6972      1.93904     -1.10554
          21    -0.169786    -0.235645     0.161524     0.290441            0     0.332334     0.530848     -2.19516
          21      1.18187     -4.89141      3.21936      5.03217            0      5.97386     0.602614     -1.33372
          21      2.22183      1.37081     -6.73707      2.61068            0      7.22522     -1.67675     0.552806
          21    -0.200872     0.225166     -7.16144     0.301744            0      7.16779     -3.86048      2.29923
           1  3.80543e-13  8.88178e-16     -289.459  3.80544e-13            0      289.459       -999.9   0.00233397
          21     -3.08705      -1.1889     -1.39609      3.30807            0       3.5906    -0.410407     -2.77398
          21     0.389838     -0.30595    -0.676852     0.495559            0     0.838873     -1.11796    -0.665412
           4      10.1242     -3.86486     -10.2309      10.8368          1.5      14.9786     -0.84128    -0.364671
        2212            0            0         6500            0      0.93827         6500        999.9            0
          21 -1.00974e-28  4.73317e-29      938.573  1.11517e-28            0      938.573        999.9      2.70326
        2101            0            0      2321.32            0      0.57933      2321.32        999.9            0
           2            0            0      3240.11            0         0.33      3240.11        999.9            0
        2212            0            0        -6500            0      0.93827         6500       -999.9            0
           1  7.57306e-29 -4.75289e-29     -289.459  8.94099e-29            0      289.459       -999.9     -0.56047
        2101            0            0      -2447.2            0      0.57933       2447.2       -999.9            0
           2            0            0        -3167            0         0.33         3167       -999.9            0
          -1            0            0     -596.338            0         0.33      596.338       -999.9            0
           6      32.4372     -26.9088      424.399      42.1457      172.808      460.167      3.00515    -0.692511
          -6      -118.24     -17.7102    -0.413446      119.559      174.986      211.931  -0.00345809     -2.99292
          21      43.7779      16.0804      46.1828      46.6378            0      65.6349     0.874459     0.352018
          21     -4.96804      7.85381      79.9738      9.29321            0      80.5119      2.84892      2.13482
          21      -19.453     -4.13755     -11.8966      19.8881            0      23.1747     -0.56726     -2.93202
          21      12.1786      7.18269     -34.1838      14.1389            0      36.9925     -1.61623      0.53287
           1      7.61839     -9.70552     -30.3034      12.3384         0.33      32.7207     -1.63077    -0.905297
          21      1.18187     -4.89141      3.21936      5.03217            0      5.97386     0.602614     -1.33372
          -4     -6.54907      2.29073     -1.02785      6.93814          1.5      7.17246    -0.147608      2.80511
           4      10.1242     -3.86486     -10.2309      10.8368          1.5      14.9786     -0.84128    -0.364671
          21      2.44814      0.50142      0.72594      2.49897            0      2.60227     0.286558     0.202023
          21     -4.86278      6.27348      33.2175      7.93746            0      34.1527      2.13861      2.23019
          -2     -0.45861   -0.0986018      0.91233      0.46909         0.33      1.07763      1.41872     -2.92982
           2      2.37087       4.5874     -9.64336      5.16384         0.33      10.9439     -1.38275      1.09378
           3      26.9624      14.3232      31.1975      30.5307          0.5      43.6539     0.896735     0.488317
          21    -0.146011      2.55723      22.6524       2.5614            0      22.7968      2.87604      1.62783
          21       1.3527     -2.69454      10.2635      3.01502            0      10.6972      1.93904     -1.10554
          21      1.37947     -2.02217      6.41564      2.44788            0      6.86677      1.69122    -0.972135
          21    -0.702359     -1.04355     -1.07761       1.2579            0      1.65637    -0.776314      -2.1632
          21    -0.949659     0.779112      8.18911      1.22836            0      8.28073      2.59585      2.45453
          21      2.87323      2.35276      2.30583      3.71362            0      4.37125     0.586675     0.686134
          21     -3.76918     -1.31317     -3.43469      3.99139            0      5.26576    -0.779236     -2.80635
          21      2.88128     0.668516      1.52248      2.95782            0      3.32666     0.494349     0.227986
          21      1.07006     0.295952      1.35551      1.11023            0      1.75215       1.0293     0.269829
          21      1.09875     -1.85097      -2.9652      2.15252            0      3.66412     -1.12486     -1.03509
          -3      10.9232      4.87473      12.0645      11.9616          0.5      16.9966     0.887446      0.41975
          21     0.421793     -0.50987    -0.536624     0.661723            0     0.851964    -0.741196    -0.879656
          21   -0.0684789     0.799287      45.4479     0.802215            0       45.455      4.73017      1.65626
          21      1.42499     0.334194      2.77293      1.46366            0      3.13551      1.39544      0.23036
          21      -0.4851     0.482638      2.43129     0.684297            0      2.52575      1.98017      2.35874
          21     -3.14347      3.94484      36.5861      5.04412            0      36.9322      2.67931      2.24362
          21     0.678404     0.215816    -0.742365     0.711904            0      1.02855    -0.911308     0.307999
          21     -3.08705      -1.1889     -1.39609      3.30807            0       3.5906    -0.410407     -2.77398
          21      2.22183      1.37081     -6.73707      2.61068            0      7.22522     -1.67675     0.552806
          21       1.4383     0.487586    -0.456007       1.5187            0      1.58568    -0.295924     0.326844
          21    -0.169786    -0.235645     0.161524     0.290441            0     0.332334     0.530848     -2.19516
          21    -0.200872     0.225166     -7.16144     0.301744            0      7.16779     -3.86048      2.29923
          21     0.389838     -0.30595    -0.676852     0.495559            0     0.838873     -1.11796    -0.665412
           5     -20.3697      26.7606      22.1471      33.6311          4.8      40.5535     0.618362      2.22142
          24      52.8069     -53.6693      402.252      75.2926      92.7342      419.614      2.37749    -0.793498
           5     -6.23822      13.9817      10.1049      15.3103          4.8      18.9619     0.619595      1.99046
          21     -13.8749      12.4999      13.4644      18.6751            0      23.0228     0.669772      2.40828
          24      52.5503     -53.3904       400.83      74.9138      92.7342      418.182      2.37897    -0.793327
          22     -124.466     -40.8125      62.1124      130.986            0      144.967     0.458009     -2.82474
          -4       6.2259      23.1023     -62.5259      23.9265          1.5      66.9643     -1.68849      1.30756
          -4      8.10857      22.3937     -58.8716      23.8166          1.5      63.5244     -1.63674      1.22339
          21     -2.54866      0.49016     -3.32192      2.59537            0      4.21558     -1.06616      2.95159
          22       -123.8     -40.5941      61.7801      130.285            0      144.191     0.458009     -2.82474
          21      -1.4695     0.388866    -0.735925      1.52008            0      1.68886    -0.466976       2.8829
          21    -0.668216      1.22555     -5.53871      1.39588            0       5.7119      -2.0869      2.06998
          -4      7.69763      21.2695     -55.9189      22.6196          1.5      60.3392     -1.63684      1.22355
           2      72.7886     -22.0012      323.335       76.041         0.33      332.156      2.15411     -0.29353
          -1     -20.2383     -31.3892      77.4956       37.348         0.33      86.0264      1.47666     -2.14347
           2      58.1269     -16.6036      247.436      60.4518         0.33      254.713      2.11705    -0.278234
          21      14.5792     -5.52547      76.2147      15.5912            0       77.793       2.2903     -0.36227
          -1     -20.1558     -31.2613      77.1798      37.1958         0.33      85.6759      1.47666     -2.14347
          -1     -4.79296     -10.7047      27.8674      11.7288         0.33      30.2368      1.60016     -1.99177
          21     -15.1785     -20.6264      50.2761      25.6093            0      56.4227      1.42705      -2.2052
          21      14.3949     -5.45561       75.251       15.394            0      76.8095       2.2903     -0.36227
          21      -12.871     -16.3567      45.0139      20.8135            0      49.5929      1.51413      -2.2375
          21     -2.06851     -4.36034      6.51142       4.8261            0      8.10493       1.1081     -2.01375
          21      14.1559     -5.36503      74.0017      15.1385            0      75.5343       2.2903     -0.36227
          21      16.9649     -5.55881      85.0206      17.8524            0      86.8747      2.26475    -0.316641
          21      2.05961     -1.19617      9.69813      2.38176            0      9.98632      2.11199    -0.526163
           2      53.2584     -15.2137      226.719      55.3887         0.33      233.387      2.11708    -0.278247
          -3      11.9933      5.17069      13.4201      13.0604     0.917272      18.7487     0.900711     0.407053
           4      10.5141     -4.17081     -10.9078      11.3111      1.80891      15.8175    -0.855933    -0.377649
         211   -0.0100834      0.42858     -1721.68     0.428698      0.13957      1721.68     -8.99121      1.59432
         111    0.0100834     -0.42858     -2041.66     0.428698      0.13498      2041.66     -9.16167     -1.54727
           3      26.9624      14.3232      31.1975      30.5307          0.5      43.6539     0.896735     0.488317
          21      2.88128     0.668516      1.52248      2.95782            0      3.32666     0.494349     0.227986
          21       1.4383     0.487586    -0.456007       1.5187            0      1.58568    -0.295924     0.326844
          21      2.44814      0.50142      0.72594      2.49897            0      2.60227     0.286558     0.202023
          21     0.421793     -0.50987    -0.536624     0.661723            0     0.851964    -0.741196    -0.879656
          -2     -0.45861   -0.0986018      0.91233      0.46909         0.33      1.07763      1.41872     -2.92982
        -311      10.8229      5.53859      12.1366      12.1578      0.49761      17.1859     0.880143     0.473001
        -211      12.1367      6.95291      14.2288      13.9872      0.13957      19.9529     0.893535     0.520242
         223      4.48414      1.79934      5.02553      4.83168      0.78162      7.01513      0.90946     0.381599
         211     0.929956     0.397287     0.368279      1.01126      0.13957      1.08525     0.356573     0.403741
        -211    0.0768589     0.111644   -0.0605174     0.135542      0.13957     0.203749    -0.432841     0.967878
         211      2.48917     0.365654      0.73448      2.51588      0.13957      2.62461     0.287942     0.145855
        -213       1.9344     0.276672    -0.173461      1.95408      1.33117      2.37077   -0.0886526     0.142064
         213     0.694127    -0.129301      1.55264     0.706067      1.34414      2.17162      1.52924    -0.184168
        -211     0.125035    0.0594126    -0.446702     0.138432      0.13957     0.488043     -1.88784     0.443586
           1      7.61839     -9.70552     -30.3034      12.3384         0.33      32.7207     -1.63077    -0.905297
          21      1.09875     -1.85097      -2.9652      2.15252            0      3.66412     -1.12486     -1.03509
          -4     -6.54907      2.29073     -1.02785      6.93814          1.5      7.17246    -0.147608      2.80511
        -211       7.1383     -9.30293     -28.5796       11.726      0.13957       30.892     -1.62368    -0.916304
         111     0.244888    -0.416145    -0.952733     0.482853      0.13498       1.0766     -1.43156      -1.0389
         211      0.53584    -0.503106     -1.21809      0.73501      0.13957       1.4295     -1.27894    -0.753902
        -213    -0.263878    -0.183123    -0.923133     0.321194     0.790509      1.25708     -1.77785     -2.53493
         221    -0.310527   -0.0106613    -0.471782      0.31071      0.54785      0.78693     -1.20493     -3.10727
        2212   -0.0566639    -0.376976    -0.804133     0.381211      0.93827      1.29318     -1.49152     -1.71999
       -2112     -1.11244     0.720827    -0.350493      1.32556      0.93957      1.66215    -0.261424      2.56664
         113      -1.0072     0.110868    -0.437085      1.01329     0.893049      1.41962    -0.418986      3.03196
        -211    -0.310738    0.0622544    0.0549415     0.316913      0.13957     0.350617     0.172508      2.94387
        -421     -2.68951     0.633235    -0.614342      2.76305      1.86486      3.38962     -0.22055      2.91036
           4      10.5141     -4.17081     -10.9078      11.3111      1.80891      15.8175    -0.855933    -0.377649
          21     -3.08705      -1.1889     -1.39609      3.30807            0       3.5906    -0.410407     -2.77398
          21    -0.702359     -1.04355     -1.07761       1.2579            0      1.65637    -0.776314      -2.1632
          21     -3.76918     -1.31317     -3.43469      3.99139            0      5.26576    -0.779236     -2.80635
          21      -19.453     -4.13755     -11.8966      19.8881            0      23.1747     -0.56726     -2.93202
          21      -1.4695     0.388866    -0.735925      1.52008            0      1.68886    -0.466976       2.8829
          21    -0.668216      1.22555     -5.53871      1.39588            0       5.7119      -2.0869      2.06998
          -4      7.69763      21.2695     -55.9189      22.6196          1.5      60.3392     -1.63684      1.22355
         421      7.26066     -2.86265     -7.45696      7.80461      1.86486      10.9543    -0.849523    -0.375555
         221     0.867054    -0.656936    -0.794556      1.08782      0.54785      1.45424    -0.677403    -0.648388
         221       1.0438    -0.176699     -1.51811      1.05865      0.54785      1.93017     -1.15759    -0.167694
        3122    -0.215747     -1.04067     -1.42993       1.0628      1.11568      2.10214     -1.10586     -1.77522
       -3112     -1.42736     -0.41649    -0.963159      1.48688      1.19745      2.13831    -0.609354     -2.85768
         311    0.0741137    -0.349028    -0.685855      0.35681      0.49761     0.919416     -1.40828     -1.36156
        -321     -2.82599     -1.18993     -2.15108       3.0663      0.49368      3.77797    -0.653914     -2.74306
         213     -2.95971    -0.164356     -1.40494      2.96427     0.799133       3.3763      -0.4578     -3.08612
        -213     -2.44805     -1.56415     -1.88073      2.90509     0.708307      3.53247    -0.609035     -2.57303
         113     -5.67517    -0.502432     -3.89805      5.69736     0.759724      6.94492    -0.639663     -3.05329
         111     -2.84892     -1.15401     -1.76922      3.07377      0.13498      3.54915    -0.547777     -2.75672
         211     -3.01305    -0.711717     -2.29655      3.09596      0.13957      3.85728    -0.686565     -2.90963
         221     -1.37901     0.134255    -0.885583      1.38552      0.54785      1.73323     -0.60212      3.04454
         113     -2.52804    -0.596543     -1.86715      2.59747     0.754694      3.28674    -0.668026     -2.90986
         111    -0.236584    -0.210913    -0.164025     0.316948      0.13498     0.381549     -0.49682      -2.4135
        -213     -1.55707    0.0424496     -1.81883      1.55765     0.657894      2.48339    -0.995112      3.11434
         213    -0.400893     0.891412     -2.00495      0.97741     0.756578      2.35532     -1.46634      1.99342
        -213     0.950265      2.27828     -7.39134      2.46852      1.33197      7.90567     -1.81662      1.17564
         111     0.361698       2.7845     -5.77999      2.80789      0.13498      6.42734     -1.46949      1.44162
         111     0.523036     0.672176     -2.55455     0.851697      0.13498      2.69617     -1.81825     0.909538
        -423      5.49735      15.8234     -42.1908      16.7511      2.00698      45.4388     -1.65415      1.23642
           2      53.2584     -15.2137      226.719      55.3887         0.33      233.387      2.11708    -0.278247
          21      2.05961     -1.19617      9.69813      2.38176            0      9.98632      2.11199    -0.526163
          21      16.9649     -5.55881      85.0206      17.8524            0      86.8747      2.26475    -0.316641
          21     -2.06851     -4.36034      6.51142       4.8261            0      8.10493       1.1081     -2.01375
          21      -12.871     -16.3567      45.0139      20.8135            0      49.5929      1.51413      -2.2375
          -1     -4.79296     -10.7047      27.8674      11.7288         0.33      30.2368      1.60016     -1.99177
         223       18.996      -5.4076      81.1193      19.7507     0.779858      83.4927      2.12038    -0.277334
         211       21.115     -5.90408      88.0496      21.9249      0.13957      90.7384      2.09858    -0.272652
         223      12.7274     -4.43501      58.7696       13.478     0.780035      60.3003      2.17861    -0.335304
        -211      7.64314     -1.64874      32.9667      7.81894      0.13957      33.8816      2.14587    -0.212459
         211      4.83573     -2.09397      23.7555      5.26963      0.13957      24.3333      2.21108    -0.408645
         311      2.08245    -0.811562      12.6536        2.235      0.49761      12.8591      2.43456    -0.371608
        -321      2.55667     -1.08446      11.3038      2.77716      0.49368      11.6504      2.11162    -0.401166
        3122      1.30183    -0.222163      7.55014      1.32065      1.11568      7.74555      2.44415    -0.169026
       -3112     0.270053    -0.835424        4.953     0.877988      1.19745      5.17078      2.43103     -1.25815
        -211     0.306468    -0.233952     0.552997     0.385559      0.13957     0.688434      1.15774    -0.652011
         211    -0.628131    -0.859421      2.31697       1.0645      0.13957      2.55362      1.51993     -2.20195
         313     -1.98047     -2.67866      7.69845      3.33129     0.902498      8.43671      1.57464     -2.20745
        3122     -6.44359      -9.6016      22.0143      11.5633      1.11568      24.8915      1.39977     -2.16186
         211    -0.100896    -0.856406      1.74856     0.862329      0.13957      1.95463      1.45597     -1.68807
       -2224      -6.3588     -9.43684      24.5472      11.3793      1.29491      27.0874       1.5118     -2.16374
         213     -3.77254     -7.28048      20.8303      8.19985     0.721665      22.3978      1.66211     -2.04888
           2      2.37087       4.5874     -9.64336      5.16384         0.33      10.9439     -1.38275      1.09378
          21      12.1786      7.18269     -34.1838      14.1389            0      36.9925     -1.61623      0.53287
          21     0.678404     0.215816    -0.742365     0.711904            0      1.02855    -0.911308     0.307999
          21      2.22183      1.37081     -6.73707      2.61068            0      7.22522     -1.67675     0.552806
          21    -0.200872     0.225166     -7.16144     0.301744            0      7.16779     -3.86048      2.29923
        2101            0            0      -2447.2            0      0.57933       2447.2       -999.9            0
         111     0.544507      1.21337     -2.11707      1.32995      0.13498      2.50379     -1.24466      1.14898
         211     0.855641      1.02533     -3.20445      1.33545      0.13957       3.4744     -1.60926      0.87537
        -211     0.158355     0.358403     -0.75366     0.391828      0.13957     0.860821     -1.40887      1.15475
         223      1.46373      1.78763     -5.54176      2.31044     0.778868      6.05441     -1.60889     0.884691
         213      4.00333      2.32935     -10.5358      4.63169     0.695735      11.5299     -1.56015     0.526969
        -213      1.90933      1.35235     -4.81662      2.33974     0.744254      5.40631     -1.46955     0.616266
         211      6.53101      4.04376      -19.178      7.68155      0.13957      20.6597     -1.64598     0.554391
        -211     0.150407     0.105831     -1.16575     0.183909      0.13957       1.1884     -2.54599     0.613159
         211      0.52911     0.113835     -1.88788     0.541217      0.13957      1.96888     -1.96248     0.211914
        -211     0.124406     0.418315    -0.868516     0.436422      0.13957     0.981969     -1.43919      1.28173
         111    0.0399741    -0.105231    -0.218154     0.112568      0.13498     0.280147     -1.41555     -1.20776
         211     0.166898    0.0680715    -0.213417     0.180246      0.13957     0.312274     -1.00571     0.387266
        -211     0.819375     0.834824      -12.715      1.16975      0.13957      12.7695     -3.08125     0.794738
         213     0.117635      0.14426     -5.34538     0.186142      0.76392       5.4029     -4.05093     0.886714
        -213    -0.274867    -0.237372     -16.9182     0.363177     0.758662      16.9391     -4.53452     -2.42926
        3212     0.357202    -0.172875     -31.7334     0.396836      1.19264      31.7583     -5.07479    -0.450741
         213    -0.575996     0.303436     -54.8132     0.651033     0.820557      54.8232     -5.12631      2.65673
       -3222     0.324111     0.113293     -447.978     0.343341      1.18937       447.98     -7.86692     0.336274
         211  -0.00576439   -0.0200419     -1075.32    0.0208544      0.13957      1075.32     -11.5437     -1.85085
        2112    0.0104512   -0.0946652      -810.34    0.0952404      0.93957      810.341     -9.74195     -1.46084
           5     -6.23822      13.9817      10.1049      15.3103          4.8      18.9619     0.619595      1.99046
          21     -13.8749      12.4999      13.4644      18.6751            0      23.0228     0.669772      2.40828
          21     -4.86278      6.27348      33.2175      7.93746            0      34.1527      2.13861      2.23019
          21     -3.14347      3.94484      36.5861      5.04412            0      36.9322      2.67931      2.24362
          21     -4.96804      7.85381      79.9738      9.29321            0      80.5119      2.84892      2.13482
          21      -0.4851     0.482638      2.43129     0.684297            0      2.52575      1.98017      2.35874
          21    -0.146011      2.55723      22.6524       2.5614            0      22.7968      2.87604      1.62783
          21      1.37947     -2.02217      6.41564      2.44788            0      6.86677      1.69122    -0.972135
          21      1.18187     -4.89141      3.21936      5.03217            0      5.97386     0.602614     -1.33372
          21    -0.169786    -0.235645     0.161524     0.290441            0     0.332334     0.530848     -2.19516
          21       1.3527     -2.69454      10.2635      3.01502            0      10.6972      1.93904     -1.10554
          21    -0.949659     0.779112      8.18911      1.22836            0      8.28073      2.59585      2.45453
          21   -0.0684789     0.799287      45.4479     0.802215            0       45.455      4.73017      1.65626
        2101            0            0      2321.32            0      0.57933      2321.32        999.9            0
        -521     -8.03179      13.6422      10.8117       15.831      5.27925      19.8843     0.638642       2.1029
         321     -2.12667      1.57374       2.3141      2.64563      0.49368      3.54939     0.789934      2.50452
        -321      -2.2578      3.52175      2.45033      4.18334      0.49368      4.87321     0.556555      2.14089
         111    -0.783441     0.460922     0.405032     0.908971      0.13498      1.00424     0.432028       2.6098
         223      -1.2478      1.93154      2.43326      2.29954     0.790204      3.43992     0.921902      2.14436
        3212     -3.30497      2.88401      3.71567      4.38638      1.19264      5.87102      0.76902      2.42411
       -3212     -1.71472      1.68207      2.24511        2.402      1.19264       3.4975     0.834424      2.36581
         213    -0.902613       1.5231      3.16011      1.77047     0.773881      3.70402      1.34308      2.10577
         113     -1.94317      2.63831       16.361      3.27668     0.794875      16.7048       2.3111      2.20561
        -213     -0.55594     0.179789      2.09885     0.584288     0.864106      2.34376      1.99073      2.82881
         111     -1.49236       1.2524      8.99646      1.94824      0.13498      9.20598      2.23458       2.4434
         213    -0.758956      1.54851      7.48869      1.72449      0.57074      7.70584      2.17461      2.02651
        -211     -2.04513      3.28131       24.997      3.86646      0.13957      25.2946      2.56549      2.12815
         111    -0.341862     0.216841      2.59739     0.404833      0.13498      2.63221      2.55795      2.57634
         211     -1.72545      1.99275       21.187      2.63595      0.13957      21.3508      2.78114      2.28443
        -211   -0.0942139       0.4066      3.02745     0.417373      0.13957      3.05927      2.67936      1.79849
         213     -1.78137      2.60159      24.0421      3.15302     0.803879      24.2613      2.72886       2.1712
         111    -0.492145       1.1952      12.1429      1.29256      0.13498      12.2122      2.93609      1.96141
        -211    0.0420539      1.38282      12.5229      1.38345      0.13957      12.5998      2.89916      1.54039
         213     -1.55234       1.1643       18.743      1.94045      0.79324      18.8598      2.96371      2.49807
         313    -0.252074      1.40557      8.74173      1.42799      0.92619      8.90589      2.51159      1.74825
        -311    -0.050936    -0.497402      3.17334     0.500004      0.49761       3.2508      2.54722     -1.67284
        -211     0.124033     0.187451     0.658622     0.224771      0.13957     0.709778      1.79614     0.986252
         213     0.113993     0.277019      5.09549     0.299556     0.833879      5.17195      3.52782      1.18042
         113      0.79348    -0.702911      1.54428      1.06005     0.750235      2.01776      1.17056    -0.724947
         223    -0.453979    -0.414129        1.808     0.614491     0.790984      2.06691      1.80003     -2.40207
         111    0.0878184    -0.187348    0.0178162     0.206909      0.13498     0.247686    0.0860005     -1.13246
         223     0.872497     -2.55816        4.475      2.70285     0.779011      5.28563      1.27812      -1.2421
         111     0.548834     -1.18277     0.424035       1.3039      0.13498      1.37775     0.319729     -1.13634
         313      0.17767     -1.61011      3.46464      1.61989     0.908388      3.93102      1.50405     -1.46089
        -323     0.375824    -0.564206      4.04304     0.677918       1.0383      4.22892      2.48583    -0.983178
         211   -0.0952962   -0.0836982     0.849887     0.126834      0.13957      0.87056       2.6009      -2.4209
         221    -0.645105    -0.577952      5.11215     0.866134      0.54785      5.21387      2.47558     -2.41105
         223      1.06455     -0.16759      10.7105      1.07766     0.786654      10.7933       2.9921    -0.156146
        -211    0.0877413     0.442333      9.77387     0.450951      0.13957      9.78526      3.76979      1.37498
        2212    -0.290409    -0.281652      24.3009     0.404555      0.93827      24.3224       4.7887      -2.3715
       -2112     0.256184    -0.102657      14.5266     0.275987      0.93957      14.5596      4.65662    -0.381123
        2112   -0.0527448     0.216986       32.997     0.223304      0.93957      33.0111      5.68879      1.80925
       -2212    -0.588305   -0.0103805      27.6725     0.588396      0.93827      27.6947      4.54406     -3.12395
         221     0.309867      1.05334      61.4449      1.09798      0.54785      61.4571       4.7179      1.28469
         113    -0.266044    -0.205402       815.27     0.336109     0.784462      815.271      8.48699     -2.48412
        2212  0.000649314    -0.187862       1375.6     0.187863      0.93827       1375.6      9.59184     -1.56734
           2            0            0      3240.11            0         0.33      3240.11        999.9            0
          21      1.42499     0.334194      2.77293      1.46366            0      3.13551      1.39544      0.23036
          21      2.87323      2.35276      2.30583      3.71362            0      4.37125     0.586675     0.686134
          21      43.7779      16.0804      46.1828      46.6378            0      65.6349     0.874459     0.352018
          -3      11.9933      5.17069      13.4201      13.0604     0.917272      18.7487     0.900711     0.407053
         323     0.137132     0.286669      1381.54      0.31778     0.890787      1381.54       9.0705      1.12461
        -311     0.113078    0.0639793       271.29     0.129923      0.49761      271.291      8.33715     0.514892
         223    -0.711252    -0.582555      943.287     0.919375     0.798925      943.288      7.62658     -2.45534
        2112      0.59989     0.526803      453.464     0.798367      0.93957      453.466      7.03525     0.720621
       -2112      0.27817    -0.215829      143.918      0.35208      0.93957      143.921      6.70629    -0.659865
        -211    -0.569539    -0.316083      11.3149      0.65137      0.13957      11.3345      3.54877     -2.63493
         211     0.392068     0.444341      7.62542     0.592585      0.13957      7.64969       3.2494     0.847814
        -211   -0.0298256    -0.148777      2.78904     0.151737      0.13957      2.79665      3.60519     -1.76865
         213     0.248347    -0.259388      6.29679     0.359108     0.597091      6.33523      3.55813     -0.80714
         223     0.390401     0.320835      16.5219      0.50532     0.783099      16.5482      4.18063     0.687899
        3212     -0.12485     0.101619      2.91708     0.160978      1.19264      3.15557      3.59097      2.45842
         111     0.940323     0.876835      1.67724      1.28571      0.13498      2.11764      1.08121     0.750474
       -3322      6.90649      2.44816      7.77304      7.32756      1.31486       10.763     0.923716     0.340654
        -323       7.5588      3.07921      7.13689      8.16192      1.16905       10.905     0.789727     0.386841
         213      3.89117      1.38762      4.39125      4.13119     0.697497      6.06929     0.925193     0.342548
         111      6.35972      2.87903      6.75487      6.98103      0.13498        9.715     0.858279     0.425095
         221      17.1492       6.7905      17.8826      18.4447      0.54785      25.6962      0.85966     0.377024
         313      16.5401      6.25505      18.2112      17.6833      1.11019      25.4083     0.902325     0.361551
         130      10.8229      5.53859      12.1366      12.1578      0.49761      17.1859     0.880143     0.473001
        -211     0.788581     0.166597    -0.719692     0.805987      0.13957      1.08952    -0.803604     0.208201
         111      1.14581     0.110074      0.54623      1.15109      0.13498      1.28125     0.458319    0.0957725
         211     0.113832     0.121486    -0.205113     0.166483      0.13957     0.298777     -1.03632     0.817913
         111     0.580295    -0.250787      1.75775     0.632168      0.13498      1.87284      1.74665    -0.407929
        -211     -0.17004     0.192445    -0.762784     0.256805      0.13957     0.816865     -1.80901      2.29447
         111   -0.0938373    -0.375567    -0.160349     0.387113      0.13498     0.440213    -0.403204     -1.81564
         211     -0.69652     0.436452   -0.0987632     0.821967      0.13957     0.839562    -0.119867      2.58183
        -211    -0.310684    -0.325584    -0.338322     0.450033      0.13957     0.580061    -0.694563     -2.33278
         130    0.0741137    -0.349028    -0.685855      0.35681      0.49761     0.919416     -1.40828     -1.36156
         211    -0.456401      0.19662   -0.0951747     0.496952      0.13957      0.52488    -0.190365      2.73482
         111     -2.50331    -0.360976     -1.30977       2.5292      0.13498      2.85142    -0.497127     -2.99838
        -211     -1.61755    -0.901263    -0.836857      1.85169      0.13957       2.0368    -0.437821     -2.63326
         111    -0.830505    -0.662891     -1.04387      1.06262      0.13498      1.49568    -0.868841     -2.46796
         211    -0.807091    -0.129431    -0.314019     0.817404      0.13957       0.8867    -0.375295     -2.98258
        -211     -4.86807    -0.373001     -3.58403      4.88234      0.13957      6.05822    -0.680363     -3.06512
         211    -0.909731    -0.565494    -0.735469      1.07116      0.13957      1.30682     -0.64166     -2.58544
        -211     -1.61831    -0.031049     -1.13168      1.61861      0.13957      1.97992    -0.651984     -3.12241
        -211    -0.249971    0.0093204    -0.703223     0.250145      0.13957     0.759325     -1.75701      3.10432
         111      -1.3071    0.0331292      -1.1156      1.30752      0.13498      1.72406    -0.773689      3.11625
         211    -0.485059     0.731521     -1.91744     0.877727      0.13957       2.1134     -1.52325      2.15631
         111     0.084166     0.159891   -0.0875027     0.180691      0.13498      0.24192    -0.467096      1.08626
        -211    -0.164802   -0.0433997    -0.728484      0.17042      0.13957      0.76106     -2.15925     -2.88409
         111      1.11507      2.32168     -6.66286      2.57558      0.13498      7.14461     -1.67904      1.12305
         310      2.08245    -0.811562      12.6536        2.235      0.49761      12.8591      2.43456    -0.371608
         321     -1.09844     -1.39761      3.48512      1.77761      0.49368      3.94331      1.42586     -2.23691
        -211    -0.882027     -1.28105      4.21333      1.55533      0.13957       4.4934      1.72216     -2.17378
       -2212     -4.34497      -6.9265      17.4595      8.17651      0.93827       19.302      1.50256     -2.13105
        -211     -2.01382     -2.51034       7.0877      3.21827      0.13957      7.78539      1.53062     -2.24688
         211     -0.12749    -0.419108      1.08119      0.43807      0.13957      1.17489      1.63531      -1.8661
         111     -3.64505     -6.86137      19.7491      7.76948      0.13498      21.2229      1.66268     -2.05912
         211        2.105      1.00269     -4.65657      2.33161      0.13957      5.20956     -1.44236     0.444537
         111      1.89833      1.32666     -5.87923      2.31596      0.13498      6.32038     -1.66146     0.609959
        -211      1.47412     0.720303     -3.63959      1.64069      0.13957      3.99474     -1.53722     0.454513
         111     0.435211     0.632049     -1.17703     0.767395      0.13498      1.41157     -1.21337     0.967782
         211    -0.149203    -0.197626     -3.03582     0.247623      0.13957       3.0491     -3.20113     -2.21747
         111     0.266837     0.341885     -2.30956     0.433691      0.13498       2.3538     -2.37433     0.908067
        -211     0.194378    0.0536151     -7.29737     0.201637      0.13957      7.30149     -4.28214     0.269137
         111    -0.469244    -0.290988     -9.62084     0.552145      0.13498      9.63762     -3.55185     -2.58651
         211    -0.122423    -0.253457     -18.2571     0.281474      0.13957      18.2598     -4.86548     -2.02076
         111    -0.453573     0.556893     -36.5561     0.718233      0.13498      36.5634     -4.62305       2.2543
         211    0.0793611     0.343856     0.802944     0.352895      0.13957     0.888107      1.56039      1.34397
         111    -0.981974      1.17925      2.35716      1.53457      0.13498      2.81591      1.21459      2.26517
         211     -1.40278      1.88616      13.1837      2.35062      0.13957      13.3923       2.4253      2.21027
        -211    -0.540384     0.752153      3.17735     0.926148      0.13957      3.31251      1.94651       2.1938
        -211    -0.289374     0.490121     0.943186     0.569171      0.13957      1.11042      1.27887      2.10414
         111    -0.266566    -0.310332      1.15566       0.4091      0.13498      1.23334      1.76156     -2.28048
         211    0.0258522      0.16342     0.773844     0.165452      0.13957     0.803547      2.24707       1.4139
         111    -0.784808      1.38509      6.71484      1.59197      0.13498       6.9023      2.14626       2.0863
         211    -0.156468     0.320065      1.62314     0.356263      0.13957      1.66763      2.22143      2.02549
         111      -1.6249      2.28152      22.4189      2.80101      0.13498      22.5937      2.77695      2.18966
         211      -1.0778     0.724887      8.97809      1.29889      0.13957      9.07263      2.63162      2.54952
         111    -0.474544     0.439417      9.76487     0.646745      0.13498       9.7872      3.40884      2.39461
         321    -0.438074      1.23852      7.62229      1.31371      0.49368      7.75041      2.45871      1.91077
        -211        0.186     0.167043      1.11944     0.249999      0.13957      1.15548      2.20452     0.731753
         310    -0.050936    -0.497402      3.17334     0.500004      0.49761       3.2508      2.54722     -1.67284
         211    0.0106339    0.0850827     0.157267    0.0857446      0.13957     0.227079       1.3669      1.44646
         111      0.10336     0.191936      4.93822     0.217997      0.13498      4.94488      3.81391      1.07682
         211     0.130451     0.120288     0.196833     0.177445      0.13957     0.299515     0.956563     0.744888
        -211     0.663029    -0.823199      1.34745      1.05701      0.13957      1.71824      1.06298    -0.892753
         321     0.402939     -1.27111      2.77678      1.33344      0.49368      3.11966       1.4799     -1.26382
        -211    -0.225268    -0.339008     0.687858     0.407028      0.13957     0.811357      1.29571     -2.15729
        -311    0.0332673    -0.612774      3.34938     0.613677      0.49761       3.4413       2.3985     -1.51656
        -211     0.342557    0.0485686     0.693657     0.345983      0.13957     0.787619      1.44582     0.140844
         211    -0.194436    -0.252326      778.948     0.318549      0.13957      778.948      8.49507     -2.22734
        -211   -0.0716081    0.0469244      36.3217    0.0856132      0.13957      36.3221      6.74348       2.5615
         321     0.225991     0.270811      599.829     0.352719      0.49368      599.829      8.13188     0.875371
         111   -0.0888593    0.0158579      781.711    0.0902632      0.13498      781.711      9.75966      2.96499
         310     0.113078    0.0639793       271.29     0.129923      0.49761      271.291      8.33715     0.514892
         211     0.222324    -0.266999      1.91454     0.347443      0.13957      1.95081      2.40791    -0.876446
         111    0.0260235   0.00761117      4.38225    0.0271137      0.13498      4.38442      5.77844     0.284537
        -311      1.84122     0.916703      2.12492       2.0568      0.49761      2.99889       0.9046     0.461948
        -211      5.71758       2.1625      5.01197      6.11286      0.13957       7.9061     0.748136     0.361591
         211      1.86936     0.344901       2.1446      1.90091      0.13957      2.86919     0.969184     0.182451
         111      2.02182      1.04272      2.24664      2.27486      0.13498       3.2001     0.872575     0.476154
         311      9.60419      3.26588      10.0684      10.1443      0.49761      14.3013     0.876071     0.327781
         111      6.93591      2.98917      8.14286      7.55261      0.13498       11.107      0.93557     0.406917
         130    0.0332673    -0.612774      3.34938     0.613677      0.49761       3.4413       2.3985     -1.51656
         310      1.84122     0.916703      2.12492       2.0568      0.49761      2.99889       0.9046     0.461948
         130      9.60419      3.26588      10.0684      10.1443      0.49761      14.3013     0.876071     0.327781
         211     0.488187     0.269111     0.854924     0.557447      0.13957      1.03011      1.21328     0.503799
        -211      1.47138     0.490112      1.43279      1.55086      0.13957      2.11602     0.826501     0.321537
         111      2.52457      1.04012      2.73782      2.73044      0.13498        3.869     0.883283     0.390807
         211    -0.270729   -0.0143429    -0.303311     0.271109      0.13957      0.43009    -0.962921     -3.08866
        -211   -0.0529705    0.0512793    -0.138552    0.0737254      0.13957     0.210028     -1.38831      2.37242
         111    0.0131723   -0.0475977   -0.0299197    0.0493868      0.13498     0.146812    -0.573813     -1.30081
         321     -1.59648     0.984476    -0.870427      1.87562      0.49368      2.12587    -0.448851      2.58902
        -211    -0.250165    -0.134578     0.214049     0.284067      0.13957     0.382087     0.695959     -2.64804
         111    -0.842859    -0.216662     0.042036     0.870261      0.13498     0.881669     0.048284     -2.88998
         310      3.40653     -1.26086     -2.52672      3.63238      0.49761      4.45265    -0.649065    -0.354494
         211      1.13143     -0.66208     -1.95729      1.31091      0.13957      2.35986     -1.19092    -0.529445
        -211       2.7227    -0.939707     -2.97296      2.88031      0.13957      4.14176    -0.903938    -0.332337
         111     0.153475    -0.111417    -0.222321     0.189653      0.13498     0.321892    -0.998087    -0.627935
         111     0.167315   -0.0596256   -0.0650819     0.177622      0.13498      0.23239    -0.358667    -0.342335
         111     0.546264    -0.485894    -0.507153     0.731093      0.13498     0.899956    -0.647491    -0.726975
         111     0.351696   -0.0897215    -0.766944     0.362961      0.13498     0.859164     -1.49307    -0.249783
         111     0.382729    -0.122724    -0.416954     0.401924      0.13498     0.594654    -0.907572    -0.310296
         111     0.309373    0.0357464    -0.334216     0.311432      0.13498      0.47635    -0.932171     0.115034
        2212   -0.0963426    -0.826131     -1.10135     0.831729      0.93827      1.66886      -1.0931     -1.68689
        -211    -0.119404     -0.21454    -0.328578      0.24553      0.13957     0.433276     -1.10155     -2.07866
       -2112     -1.40036    -0.291178    -0.803687      1.43032      0.93957      1.89064    -0.535877     -2.93658
         211   -0.0269948    -0.125312    -0.159471     0.128187      0.13957     0.247675     -1.04387     -1.78297
          22    -0.299332    -0.148383    -0.385874     0.334092            0     0.510408     -0.98684     -2.68138
          22     -1.07967     0.282638    -0.499709      1.11605            0      1.22282    -0.433993      2.88556
        -421      5.28626      15.2024     -40.8557      16.0953      1.86486      43.9514     -1.66139      1.23615
          22     0.211087     0.620949     -1.33502     0.655847            0      1.48742     -1.45943      1.24311
         211      11.9599     -3.33352      51.4483      12.4158      0.13957      52.9254      2.12901    -0.271825
        -211        2.619     -0.61602      11.0515      2.69047      0.13957      11.3752       2.1205    -0.231013
         111       4.4171     -1.45806      18.6194      4.65153      0.13498      19.1921      2.09541    -0.318834
         211      8.28111     -2.74245      37.2475       8.7234      0.13957      38.2557      2.15816    -0.319801
        -211      3.27669     -1.33444      16.0619        3.538      0.13957      16.4476      2.21795    -0.386742
         111      1.16957    -0.358131      5.46017      1.22318      0.13498      5.59713      2.20149    -0.297141
        2112      1.05832    -0.101194      6.45649      1.06315      0.93957      6.61054      2.50371   -0.0953275
         111     0.243511    -0.120969      1.09365     0.271903      0.13498        1.135      2.10009    -0.461062
       -2112     0.191532    -0.530318      3.15002     0.563845      0.93957      3.33517      2.42145     -1.22421
         211    0.0785208    -0.305107      1.80298     0.315049      0.13957      1.83561      2.44516     -1.31891
        2112     -5.50577      -8.3474      18.8966      9.99963      0.93957      21.3999      1.39321     -2.15388
         111    -0.937815      -1.2542      3.11768      1.56605      0.13498      3.49152      1.43951     -2.21285
         211     0.263583     0.654326     -1.51974     0.705421      0.13957      1.68128     -1.51061      1.18785
        -211     0.698999     0.899027     -2.66457      1.13879      0.13957      2.90108     -1.58604     0.909923
         111     0.501148     0.234279     -1.35745     0.553205      0.13498      1.47205     -1.62993     0.437299
        3122     0.305662    -0.198073      -31.142     0.364229      1.11568      31.1641     -5.14171    -0.574977
          22    0.0515391    0.0251986    -0.591413    0.0573694            0     0.594189     -3.02849     0.454746
       -2212     0.358322     0.170737      -319.98      0.39692      0.93827      319.982     -7.38543     0.444663
         111    -0.034211   -0.0574437     -127.998    0.0668594      0.13498      127.998     -8.25032     -2.10794
         423     -3.54702       5.1311      4.67199      6.23775      2.00698      8.04768     0.692336      2.17565
        -413     -2.34845      5.45483      4.11002      5.93889      2.01028      7.49692     0.646143      1.97734
        -313     -2.13631      3.05627      2.02973      3.72889     0.898984      4.33966     0.520502      2.18085
         211    -0.472722      0.65307      1.11798     0.806205      0.13957      1.38539      1.13024      2.19735
        -211    -0.358601     0.269312     0.494612     0.448468      0.13957     0.682088     0.952292      2.49745
         111    -0.416479      1.00916     0.820671      1.09172      0.13498      1.37244     0.694523       1.9622
        3122     -3.02062      2.68462      3.34719       4.0412      1.11568      5.36467     0.754588      2.41502
          22    -0.284353     0.199389      0.36848     0.347294            0      0.50635     0.923859      2.53006
       -3122     -1.68915      1.69232      2.16595      2.39106      1.11568      3.41369     0.813211      2.35526
          22   -0.0255742    -0.010253    0.0791594    0.0275529            0    0.0838175       1.7775      -2.7603
         111    -0.535866    -0.189148      1.71212     0.568269      0.13498        1.809      1.82251     -2.80227
          22    0.0818876    -0.224981    0.0958814      0.23942            0     0.257906     0.390474     -1.22173
         211    0.0913508    -0.418817     0.384532     0.428664      0.13957     0.592535     0.806671     -1.35604
        -211     0.388438    -0.953601      2.01037      1.02968      0.13957      2.26303      1.42215     -1.18398
         111     0.392709     -1.18574       2.0801      1.24908      0.13498      2.43007      1.28309     -1.25097
         111   -0.0322635   -0.0875613     0.472052    0.0933162      0.13498      0.49976      2.32387     -1.92383
         111    -0.371574    -0.278797      2.65433     0.464537      0.13498      2.69805      2.44362     -2.49789
         111    -0.241267    -0.211594      1.98577     0.320908      0.13498      2.01606      2.52222     -2.42163
         211     0.712116    -0.017301      7.90964     0.712326      0.13957      7.94288      3.10247   -0.0242904
        -211     0.333246    -0.152836      2.13154     0.366622      0.13957      2.16734      2.46073    -0.430006
         111    0.0191891   0.00254729     0.669294    0.0193574      0.13498     0.683043       4.2365     0.131975
         211    0.0393597     0.403406       26.745     0.405322      0.13957      26.7484      4.88262      1.47354
        -211     0.105117     0.236913      8.62884     0.259185      0.13957      8.63386      4.19869       1.1532
          22     0.165391     0.413025      26.0711     0.444908            0      26.0749      4.76393      1.18991
         211    -0.184005   -0.0436558      373.323     0.189113      0.13957      373.323        8.281     -2.90865
        -211    -0.186422   0.00179183      108.442      0.18643      0.13957      108.443      7.05906      3.13198
         111    -0.340826    -0.540691      461.522     0.639147      0.13498      461.523       7.2753     -2.13323
         211    0.0344165    0.0735364      1.37219    0.0811917      0.13957      1.38166      3.52137      1.13306
        -211     0.246737     0.167554      3.55378     0.298251      0.13957      3.56901      3.17274     0.596549
         111     0.109247    0.0797447      11.5959     0.135256      0.13498      11.5975      5.14442     0.630542
        3122     -0.15167    0.0560842      2.87466     0.161707      1.11568      3.08781      3.57184      2.78741
          22    0.0268196     0.045535    0.0424138    0.0528463            0    0.0677618     0.734688      1.03851
       -3122      5.77948      2.18963      6.52851      6.18036      1.11568      9.05886      0.92065     0.362152
         111      1.12701     0.258537      1.24453      1.15628      0.13498      1.70413     0.934327       0.2255
         211      6.23632      2.45306      6.30516      6.70143      0.13957      9.20238     0.838937     0.374761
        -211      5.54688      2.23213      6.00788      5.97915      0.13957      8.47728     0.884767     0.382583
         111        5.366      2.10532      5.56955      5.76423      0.13498      8.01651     0.857289     0.373889
         111       0.9968    -0.312577      7.02173      1.04466      0.13498       7.1003      2.60395    -0.303869
         111      1.08565    -0.498985      5.63191      1.19483      0.13498      5.75884      2.25466    -0.430824
         111     0.170577     -0.32697      1.64023      0.36879      0.13498      1.68659      2.19792     -1.08995
         111    -0.221513    -0.170432      1.53311     0.279491      0.13498      1.56421      2.40344     -2.48579
         211    -0.096636     0.154746      160.248     0.182442      0.13957      160.249       7.4712      2.12902
        -211     0.209714    -0.090767      111.042     0.228514      0.13957      111.042      6.87922     -0.40847
         211      1.46721     0.843714      1.58101       1.6925      0.13957      2.32026     0.834016     0.521868
        -211     0.374008    0.0729883     0.543918     0.381064      0.13957     0.678628      1.15379     0.192729
         111      3.14273     -1.15249     -2.28473      3.34739      0.13498      4.05503    -0.638306    -0.351488
         111     0.263796     -0.10837    -0.241984     0.285188      0.13498     0.397628    -0.770099     -0.38979
         321      4.09229      11.5004     -28.8355      12.2068      0.49368      31.3167     -1.59482      1.22893
        -211      1.19398      3.70204     -12.0202      3.88982      0.13957      12.6347     -1.84658      1.25881
        2212     0.319243    -0.242986     -28.1434     0.401196      0.93827      28.1619     -4.94382    -0.650587
        -211   -0.0135805    0.0449126     -2.99859    0.0469209      0.13957       3.0022     -4.85064      1.86443
         421     -3.21809       4.5094      4.08157      5.53993      1.86486      7.12936     0.682518      2.19062
          22     -0.32893     0.621704     0.590423     0.703357            0     0.918319     0.763167      2.05744
        -421     -2.18438      5.06339      3.86276      5.51447      1.86486      6.98627     0.653057      1.97808
        -211    -0.164076     0.391443     0.247256     0.424439      0.13957      0.51065     0.553802      1.96771
        -321    -0.803754      1.12938     0.984792      1.38619      0.49368      1.77061     0.661191      2.18932
         211     -1.33256      1.92689      1.04494      2.34278      0.13957      2.56905     0.432422      2.17584
        2212     -2.59177      2.39882      3.00012      3.53152      0.93827      4.72786     0.770879      2.39484
        -211     -0.42885     0.285797     0.347062     0.515356      0.13957     0.636807     0.630773      2.55376
       -2212     -1.33998      1.27013      1.64385      1.84629      0.93827      2.64412      0.80168      2.38295
         211    -0.349166     0.422192     0.522101     0.547871      0.13957     0.769566     0.847719       2.2618
        2212   -0.0347284    0.0214338      2.47727    0.0408102      0.93827      2.64931      4.79919      2.58863
        -211    -0.116941    0.0346504     0.397396     0.121967      0.13957     0.438497      1.89709      2.85353
       -2212      4.70809      1.71416      5.20386      5.01044      0.93827      7.28457     0.908408     0.349171
         211      1.07139     0.475462      1.32465      1.17215      0.13957       1.7743     0.970444      0.41767
         311    -0.668085     0.823096     0.698292      1.06011      0.49761      1.36347     0.618504      2.25261
         211     -0.61253      1.66152      1.52731      1.77083      0.13957      2.34265      0.78072      1.92399
        -211    -0.419893     0.413556     0.326214     0.589355      0.13957      0.68792     0.528555       2.3638
         111     -0.75607      1.06152     0.769594      1.30326      0.13498      1.51953     0.560676       2.1897
         111    -0.761516     0.549702      0.76016     0.939191      0.13498      1.21579     0.739974      2.51635
         321    -0.518896      1.44462      1.86046      1.53499      0.49368      2.46195      1.02365      1.91564
        -211    -0.405953     0.362482     0.238514     0.544234      0.13957     0.610377     0.425317      2.41271
         111     -1.25953      3.25628      1.76379      3.49139      0.13498      3.91394     0.485842      1.93987
         310    -0.668085     0.823096     0.698292      1.06011      0.49761      1.36347     0.618504      2.25261
         211    -0.502716     0.294499     0.382648     0.582626      0.13957     0.710882     0.616888      2.61167
        -211    -0.165369     0.528597     0.315643      0.55386      0.13957     0.652589     0.542841      1.87399
